thumbnail_1 175.000000 244.000000 161.000000 241.000000
thumbnail_2 157.000000 251.000000 161.000000 241.000000
thumbnail_3 233.000000 164.000000 241.000000 161.000000
thumbnail_4 233.000000 195.000000 241.000000 161.000000
thumbnail_5 154.000000 238.000000 161.000000 241.000000
thumbnail_6 349.000000 231.000000 241.000000 161.000000
thumbnail_7 251.000000 226.000000 161.000000 241.000000
thumbnail_8 273.000000 184.000000 241.000000 161.000000
thumbnail_9 263.000000 361.000000 161.000000 241.000000
thumbnail_10 168.000000 189.000000 241.000000 161.000000
thumbnail_11 265.000000 197.000000 241.000000 161.000000
thumbnail_12 125.000000 258.000000 161.000000 241.000000
thumbnail_13 92.000000 94.000000 161.000000 241.000000
thumbnail_14 95.000000 123.000000 241.000000 161.000000
thumbnail_15 126.000000 288.000000 161.000000 241.000000
thumbnail_16 230.000000 160.000000 241.000000 161.000000
thumbnail_17 243.000000 167.000000 241.000000 161.000000
thumbnail_18 104.000000 231.000000 241.000000 161.000000
thumbnail_19 119.000000 294.000000 161.000000 241.000000
thumbnail_20 184.000000 169.000000 161.000000 241.000000
thumbnail_21 173.000000 249.000000 161.000000 241.000000
thumbnail_22 163.000000 242.000000 161.000000 241.000000
thumbnail_23 150.000000 245.000000 161.000000 241.000000
thumbnail_24 162.000000 255.000000 161.000000 241.000000
thumbnail_25 170.000000 412.000000 161.000000 241.000000
thumbnail_26 141.000000 216.000000 161.000000 241.000000
thumbnail_27 118.000000 169.000000 161.000000 241.000000
thumbnail_28 170.000000 225.000000 161.000000 241.000000
thumbnail_29 162.000000 306.000000 161.000000 241.000000
thumbnail_30 153.000000 239.000000 161.000000 241.000000
thumbnail_31 149.000000 237.000000 161.000000 241.000000
thumbnail_32 160.000000 233.000000 161.000000 241.000000
thumbnail_33 63.000000 85.000000 161.000000 241.000000
thumbnail_34 170.000000 195.000000 241.000000 161.000000
thumbnail_35 191.000000 164.000000 241.000000 161.000000
thumbnail_36 251.000000 162.000000 241.000000 161.000000
thumbnail_37 241.000000 140.000000 161.000000 241.000000
thumbnail_38 110.000000 149.000000 241.000000 161.000000
thumbnail_39 167.000000 232.000000 161.000000 241.000000
thumbnail_40 134.000000 290.000000 161.000000 241.000000
thumbnail_41 211.000000 156.000000 241.000000 161.000000
thumbnail_42 89.000000 187.000000 161.000000 241.000000
thumbnail_43 168.000000 158.000000 241.000000 161.000000
thumbnail_44 121.000000 287.000000 161.000000 241.000000
thumbnail_45 112.000000 290.000000 161.000000 241.000000
thumbnail_46 155.000000 129.000000 241.000000 161.000000
thumbnail_47 156.000000 247.000000 161.000000 241.000000
thumbnail_48 244.000000 158.000000 241.000000 161.000000
thumbnail_49 127.000000 158.000000 241.000000 161.000000
thumbnail_50 124.000000 196.000000 161.000000 241.000000
thumbnail_51 163.000000 238.000000 161.000000 241.000000
thumbnail_52 85.000000 247.000000 161.000000 241.000000
thumbnail_53 178.000000 213.000000 161.000000 241.000000
thumbnail_54 143.000000 233.000000 161.000000 241.000000
thumbnail_55 143.000000 234.000000 161.000000 241.000000
thumbnail_56 124.000000 116.000000 161.000000 241.000000
thumbnail_57 167.000000 292.000000 161.000000 241.000000
thumbnail_58 164.000000 244.000000 161.000000 241.000000
thumbnail_59 156.000000 246.000000 161.000000 241.000000
thumbnail_60 237.000000 160.000000 241.000000 161.000000
thumbnail_1 123.500000 94.500000 241.000000 161.000000
thumbnail_2 130.500000 76.500000 241.000000 161.000000
thumbnail_3 83.500000 112.500000 161.000000 241.000000
thumbnail_4 114.500000 112.500000 161.000000 241.000000
thumbnail_5 117.500000 73.500000 241.000000 161.000000
thumbnail_6 150.500000 228.500000 161.000000 241.000000
thumbnail_7 105.500000 170.500000 241.000000 161.000000
thumbnail_8 103.500000 152.500000 161.000000 241.000000
thumbnail_9 240.500000 182.500000 241.000000 161.000000
thumbnail_10 108.500000 47.500000 161.000000 241.000000
thumbnail_11 116.500000 144.500000 161.000000 241.000000
thumbnail_12 137.500000 44.500000 241.000000 161.000000
thumbnail_13 -26.500000 11.500000 241.000000 161.000000
thumbnail_14 42.500000 -25.500000 161.000000 241.000000
thumbnail_15 167.500000 45.500000 241.000000 161.000000
thumbnail_16 79.500000 109.500000 161.000000 241.000000
thumbnail_17 86.500000 122.500000 161.000000 241.000000
thumbnail_18 150.500000 -16.500000 161.000000 241.000000
thumbnail_19 173.500000 38.500000 241.000000 161.000000
thumbnail_20 48.500000 103.500000 241.000000 161.000000
thumbnail_21 128.500000 92.500000 241.000000 161.000000
thumbnail_22 121.500000 82.500000 241.000000 161.000000
thumbnail_23 124.500000 69.500000 241.000000 161.000000
thumbnail_24 134.500000 81.500000 241.000000 161.000000
thumbnail_25 291.500000 89.500000 241.000000 161.000000
thumbnail_26 95.500000 60.500000 241.000000 161.000000
thumbnail_27 48.500000 37.500000 241.000000 161.000000
thumbnail_28 104.500000 89.500000 241.000000 161.000000
thumbnail_29 185.500000 81.500000 241.000000 161.000000
thumbnail_30 118.500000 72.500000 241.000000 161.000000
thumbnail_31 116.500000 68.500000 241.000000 161.000000
thumbnail_32 112.500000 79.500000 241.000000 161.000000
thumbnail_33 -35.500000 -17.500000 241.000000 161.000000
thumbnail_34 114.500000 49.500000 161.000000 241.000000
thumbnail_35 83.500000 70.500000 161.000000 241.000000
thumbnail_36 81.500000 130.500000 161.000000 241.000000
thumbnail_37 19.500000 160.500000 241.000000 161.000000
thumbnail_38 68.500000 -10.500000 161.000000 241.000000
thumbnail_39 111.500000 86.500000 241.000000 161.000000
thumbnail_40 169.500000 53.500000 241.000000 161.000000
thumbnail_41 75.500000 90.500000 161.000000 241.000000
thumbnail_42 66.500000 8.500000 241.000000 161.000000
thumbnail_43 77.500000 47.500000 161.000000 241.000000
thumbnail_44 166.500000 40.500000 241.000000 161.000000
thumbnail_45 169.500000 31.500000 241.000000 161.000000
thumbnail_46 48.500000 34.500000 161.000000 241.000000
thumbnail_47 126.500000 75.500000 241.000000 161.000000
thumbnail_48 77.500000 123.500000 161.000000 241.000000
thumbnail_49 77.500000 6.500000 161.000000 241.000000
thumbnail_50 75.500000 43.500000 241.000000 161.000000
thumbnail_51 117.500000 82.500000 241.000000 161.000000
thumbnail_52 126.500000 4.500000 241.000000 161.000000
thumbnail_53 92.500000 97.500000 241.000000 161.000000
thumbnail_54 112.500000 62.500000 241.000000 161.000000
thumbnail_55 113.500000 62.500000 241.000000 161.000000
thumbnail_56 -4.500000 43.500000 241.000000 161.000000
thumbnail_57 171.500000 86.500000 241.000000 161.000000
thumbnail_58 123.500000 83.500000 241.000000 161.000000
thumbnail_59 125.500000 75.500000 241.000000 161.000000
thumbnail_60 79.500000 116.500000 161.000000 241.000000
thumbnail_1 -20.000000 115.500000 250.000000 167.000000
thumbnail_2 91.000000 105.000000 250.000000 188.000000
thumbnail_3 126.000000 69.500000 250.000000 167.000000
thumbnail_4 129.000000 118.000000 250.000000 206.000000
thumbnail_5 119.000000 53.500000 250.000000 167.000000
thumbnail_6 134.000000 88.000000 250.000000 168.000000
thumbnail_7 134.000000 32.000000 188.000000 250.000000
thumbnail_8 257.000000 20.000000 250.000000 188.000000
thumbnail_9 97.000000 117.500000 250.000000 221.000000
thumbnail_10 85.500000 119.000000 159.000000 240.000000
thumbnail_11 181.000000 52.000000 250.000000 188.000000
thumbnail_12 88.000000 93.000000 250.000000 188.000000
thumbnail_13 116.000000 114.500000 250.000000 183.000000
thumbnail_14 143.000000 137.000000 250.000000 188.000000
thumbnail_15 105.000000 83.000000 250.000000 188.000000
thumbnail_16 105.000000 -14.000000 188.000000 250.000000
thumbnail_17 -33.000000 6.500000 250.000000 167.000000
thumbnail_18 184.000000 48.000000 250.000000 188.000000
thumbnail_19 145.000000 87.000000 250.000000 188.000000
thumbnail_20 27.000000 -17.000000 250.000000 188.000000
thumbnail_21 140.000000 52.500000 250.000000 179.000000
thumbnail_22 142.000000 82.000000 250.000000 188.000000
thumbnail_23 -37.000000 81.500000 250.000000 171.000000
thumbnail_24 218.000000 149.500000 250.000000 127.000000
thumbnail_25 174.000000 65.000000 250.000000 188.000000
thumbnail_26 236.000000 76.000000 250.000000 206.000000
thumbnail_27 115.000000 50.500000 160.000000 107.000000
thumbnail_28 105.000000 108.000000 250.000000 166.000000
thumbnail_29 223.000000 136.000000 192.000000 144.000000
thumbnail_30 73.000000 64.000000 150.000000 100.000000
thumbnail_31 98.500000 114.000000 189.000000 250.000000
thumbnail_32 122.000000 59.000000 188.000000 250.000000
thumbnail_33 173.000000 -20.500000 250.000000 167.000000
thumbnail_34 83.500000 127.000000 167.000000 250.000000
thumbnail_35 81.500000 134.000000 167.000000 250.000000
thumbnail_36 145.000000 94.000000 250.000000 180.000000
thumbnail_37 171.000000 108.500000 250.000000 167.000000
thumbnail_38 119.000000 105.000000 250.000000 188.000000
thumbnail_39 161.000000 56.000000 250.000000 188.000000
thumbnail_40 65.500000 112.000000 167.000000 250.000000
thumbnail_41 57.500000 91.000000 167.000000 250.000000
thumbnail_42 196.000000 114.000000 250.000000 188.000000
thumbnail_43 190.000000 -29.000000 250.000000 188.000000
thumbnail_44 127.000000 105.000000 250.000000 208.000000
thumbnail_45 133.000000 85.500000 250.000000 161.000000
thumbnail_46 91.000000 44.500000 250.000000 119.000000
thumbnail_47 56.000000 68.500000 250.000000 183.000000
thumbnail_48 65.000000 52.500000 250.000000 167.000000
thumbnail_49 98.000000 115.000000 188.000000 250.000000
thumbnail_50 282.000000 18.000000 250.000000 188.000000
thumbnail_51 155.000000 87.000000 250.000000 200.000000
thumbnail_52 73.000000 40.000000 250.000000 172.000000
thumbnail_53 125.000000 93.000000 250.000000 188.000000
thumbnail_54 87.000000 82.000000 250.000000 188.000000
thumbnail_55 94.500000 -21.000000 173.000000 240.000000
thumbnail_56 49.000000 34.500000 250.000000 167.000000
thumbnail_57 63.000000 133.000000 250.000000 188.000000
thumbnail_58 271.000000 51.500000 250.000000 167.000000
thumbnail_59 92.000000 98.000000 250.000000 188.000000
thumbnail_60 79.000000 206.000000 250.000000 186.000000
thumbnail_1 -7.000000 124.500000 224.000000 149.000000
thumbnail_2 104.000000 115.000000 224.000000 168.000000
thumbnail_3 139.000000 78.500000 224.000000 149.000000
thumbnail_4 142.000000 129.000000 224.000000 184.000000
thumbnail_5 132.000000 62.500000 224.000000 149.000000
thumbnail_6 147.000000 97.000000 224.000000 150.000000
thumbnail_7 144.000000 45.000000 168.000000 224.000000
thumbnail_8 270.000000 30.000000 224.000000 168.000000
thumbnail_9 110.000000 129.500000 224.000000 197.000000
thumbnail_10 94.000000 131.500000 142.000000 215.000000
thumbnail_11 194.000000 62.000000 224.000000 168.000000
thumbnail_12 101.000000 103.000000 224.000000 168.000000
thumbnail_13 129.000000 124.000000 224.000000 164.000000
thumbnail_14 156.000000 147.000000 224.000000 168.000000
thumbnail_15 118.000000 93.000000 224.000000 168.000000
thumbnail_16 115.000000 -1.000000 168.000000 224.000000
thumbnail_17 -20.000000 15.500000 224.000000 149.000000
thumbnail_18 197.000000 58.000000 224.000000 168.000000
thumbnail_19 158.000000 97.000000 224.000000 168.000000
thumbnail_20 40.000000 -7.000000 224.000000 168.000000
thumbnail_21 153.000000 62.000000 224.000000 160.000000
thumbnail_22 155.000000 92.000000 224.000000 168.000000
thumbnail_23 -24.000000 91.000000 224.000000 152.000000
thumbnail_24 231.000000 156.000000 224.000000 114.000000
thumbnail_25 187.000000 75.000000 224.000000 168.000000
thumbnail_26 249.000000 87.000000 224.000000 184.000000
thumbnail_27 123.500000 56.500000 143.000000 95.000000
thumbnail_28 118.000000 117.000000 224.000000 148.000000
thumbnail_29 233.000000 143.500000 172.000000 129.000000
thumbnail_30 81.000000 69.500000 134.000000 89.000000
thumbnail_31 108.500000 127.000000 169.000000 224.000000
thumbnail_32 132.000000 72.000000 168.000000 224.000000
thumbnail_33 186.000000 -11.500000 224.000000 149.000000
thumbnail_34 92.500000 140.000000 149.000000 224.000000
thumbnail_35 90.500000 147.000000 149.000000 224.000000
thumbnail_36 158.000000 103.500000 224.000000 161.000000
thumbnail_37 184.000000 117.500000 224.000000 149.000000
thumbnail_38 132.000000 115.000000 224.000000 168.000000
thumbnail_39 174.000000 66.000000 224.000000 168.000000
thumbnail_40 74.500000 125.000000 149.000000 224.000000
thumbnail_41 66.500000 104.000000 149.000000 224.000000
thumbnail_42 209.000000 124.000000 224.000000 168.000000
thumbnail_43 203.000000 -19.000000 224.000000 168.000000
thumbnail_44 140.000000 116.000000 224.000000 186.000000
thumbnail_45 146.000000 94.000000 224.000000 144.000000
thumbnail_46 104.000000 51.000000 224.000000 106.000000
thumbnail_47 69.000000 78.000000 224.000000 164.000000
thumbnail_48 78.000000 61.500000 224.000000 149.000000
thumbnail_49 108.000000 128.000000 168.000000 224.000000
thumbnail_50 295.000000 28.000000 224.000000 168.000000
thumbnail_51 168.000000 97.500000 224.000000 179.000000
thumbnail_52 86.000000 49.000000 224.000000 154.000000
thumbnail_53 138.000000 103.000000 224.000000 168.000000
thumbnail_54 100.000000 92.000000 224.000000 168.000000
thumbnail_55 104.000000 -8.500000 154.000000 215.000000
thumbnail_56 62.000000 43.500000 224.000000 149.000000
thumbnail_57 76.000000 143.000000 224.000000 168.000000
thumbnail_58 284.000000 60.500000 224.000000 149.000000
thumbnail_59 105.000000 108.000000 224.000000 168.000000
thumbnail_60 92.000000 216.000000 224.000000 166.000000
thumbnail_1 -7.000000 124.500000 224.000000 149.000000
thumbnail_2 104.000000 115.000000 224.000000 168.000000
thumbnail_3 139.000000 78.500000 224.000000 149.000000
thumbnail_4 142.000000 129.000000 224.000000 184.000000
thumbnail_5 132.000000 62.500000 224.000000 149.000000
thumbnail_6 147.000000 97.000000 224.000000 150.000000
thumbnail_7 144.000000 45.000000 168.000000 224.000000
thumbnail_8 270.000000 30.000000 224.000000 168.000000
thumbnail_9 110.000000 129.500000 224.000000 197.000000
thumbnail_10 94.000000 131.500000 142.000000 215.000000
thumbnail_11 194.000000 62.000000 224.000000 168.000000
thumbnail_12 101.000000 103.000000 224.000000 168.000000
thumbnail_13 129.000000 124.000000 224.000000 164.000000
thumbnail_14 156.000000 147.000000 224.000000 168.000000
thumbnail_15 118.000000 93.000000 224.000000 168.000000
thumbnail_16 115.000000 -1.000000 168.000000 224.000000
thumbnail_17 -20.000000 15.500000 224.000000 149.000000
thumbnail_18 197.000000 58.000000 224.000000 168.000000
thumbnail_19 158.000000 97.000000 224.000000 168.000000
thumbnail_20 40.000000 -7.000000 224.000000 168.000000
thumbnail_21 153.000000 62.000000 224.000000 160.000000
thumbnail_22 155.000000 92.000000 224.000000 168.000000
thumbnail_23 -24.000000 91.000000 224.000000 152.000000
thumbnail_24 231.000000 156.000000 224.000000 114.000000
thumbnail_25 187.000000 75.000000 224.000000 168.000000
thumbnail_26 249.000000 87.000000 224.000000 184.000000
thumbnail_27 123.500000 56.500000 143.000000 95.000000
thumbnail_28 118.000000 117.000000 224.000000 148.000000
thumbnail_29 233.000000 143.500000 172.000000 129.000000
thumbnail_30 81.000000 69.500000 134.000000 89.000000
thumbnail_31 108.500000 127.000000 169.000000 224.000000
thumbnail_32 132.000000 72.000000 168.000000 224.000000
thumbnail_33 186.000000 -11.500000 224.000000 149.000000
thumbnail_34 92.500000 140.000000 149.000000 224.000000
thumbnail_35 90.500000 147.000000 149.000000 224.000000
thumbnail_36 158.000000 103.500000 224.000000 161.000000
thumbnail_37 184.000000 117.500000 224.000000 149.000000
thumbnail_38 132.000000 115.000000 224.000000 168.000000
thumbnail_39 174.000000 66.000000 224.000000 168.000000
thumbnail_40 74.500000 125.000000 149.000000 224.000000
thumbnail_41 66.500000 104.000000 149.000000 224.000000
thumbnail_42 209.000000 124.000000 224.000000 168.000000
thumbnail_43 203.000000 -19.000000 224.000000 168.000000
thumbnail_44 140.000000 116.000000 224.000000 186.000000
thumbnail_45 146.000000 94.000000 224.000000 144.000000
thumbnail_46 104.000000 51.000000 224.000000 106.000000
thumbnail_47 69.000000 78.000000 224.000000 164.000000
thumbnail_48 78.000000 61.500000 224.000000 149.000000
thumbnail_49 108.000000 128.000000 168.000000 224.000000
thumbnail_50 295.000000 28.000000 224.000000 168.000000
thumbnail_51 168.000000 97.500000 224.000000 179.000000
thumbnail_52 86.000000 49.000000 224.000000 154.000000
thumbnail_53 138.000000 103.000000 224.000000 168.000000
thumbnail_54 100.000000 92.000000 224.000000 168.000000
thumbnail_55 104.000000 -8.500000 154.000000 215.000000
thumbnail_56 62.000000 43.500000 224.000000 149.000000
thumbnail_57 76.000000 143.000000 224.000000 168.000000
thumbnail_58 284.000000 60.500000 224.000000 149.000000
thumbnail_59 105.000000 108.000000 224.000000 168.000000
thumbnail_60 92.000000 216.000000 224.000000 166.000000
thumbnail_61 191.000000 149.000000 224.000000 168.000000
thumbnail_62 262.000000 92.000000 224.000000 168.000000
thumbnail_63 130.000000 105.000000 224.000000 168.000000
thumbnail_64 94.500000 212.000000 149.000000 224.000000
thumbnail_65 146.000000 22.500000 224.000000 149.000000
thumbnail_66 162.000000 65.000000 168.000000 224.000000
thumbnail_67 81.000000 162.000000 168.000000 224.000000
thumbnail_68 125.000000 57.000000 224.000000 168.000000
thumbnail_69 134.000000 87.000000 224.000000 168.000000
thumbnail_70 147.000000 106.500000 224.000000 179.000000
thumbnail_71 115.000000 116.500000 224.000000 179.000000
thumbnail_72 107.000000 3.000000 224.000000 148.000000
thumbnail_73 57.500000 210.000000 155.000000 224.000000
thumbnail_74 148.000000 126.000000 224.000000 168.000000
thumbnail_75 134.000000 55.500000 224.000000 167.000000
thumbnail_76 154.000000 81.500000 224.000000 149.000000
thumbnail_77 24.000000 -1.000000 224.000000 168.000000
thumbnail_78 75.000000 54.500000 224.000000 149.000000
thumbnail_79 174.000000 77.500000 224.000000 149.000000
thumbnail_80 -10.000000 70.500000 224.000000 205.000000
thumbnail_81 106.000000 80.000000 224.000000 168.000000
thumbnail_82 136.000000 75.500000 224.000000 149.000000
thumbnail_83 172.500000 135.000000 179.000000 100.000000
thumbnail_84 27.000000 35.500000 458.000000 321.000000
thumbnail_85 232.500000 277.000000 305.000000 458.000000
thumbnail_86 232.000000 98.500000 360.000000 203.000000
thumbnail_87 87.500000 109.500000 321.000000 213.000000
thumbnail_88 190.000000 72.000000 286.000000 358.000000
thumbnail_89 276.500000 134.500000 407.000000 215.000000
thumbnail_90 32.000000 137.500000 458.000000 343.000000
thumbnail_91 203.500000 55.000000 313.000000 208.000000
thumbnail_92 73.000000 50.500000 224.000000 149.000000
thumbnail_93 3.000000 37.500000 224.000000 149.000000
thumbnail_94 348.500000 -1.500000 259.000000 171.000000
thumbnail_95 123.000000 43.000000 224.000000 164.000000
thumbnail_96 115.500000 -9.000000 281.000000 194.000000
thumbnail_97 262.500000 167.500000 275.000000 183.000000
thumbnail_98 240.000000 139.500000 268.000000 201.000000
thumbnail_99 262.000000 143.500000 268.000000 201.000000
thumbnail_100 74.500000 73.000000 179.000000 268.000000
thumbnail_101 162.500000 190.000000 313.000000 208.000000
thumbnail_102 278.500000 69.000000 347.000000 168.000000
thumbnail_1 -7.000000 124.500000 224.000000 149.000000
thumbnail_2 104.000000 115.000000 224.000000 168.000000
thumbnail_3 139.000000 78.500000 224.000000 149.000000
thumbnail_4 142.000000 129.000000 224.000000 184.000000
thumbnail_5 132.000000 62.500000 224.000000 149.000000
thumbnail_6 147.000000 97.000000 224.000000 150.000000
thumbnail_7 144.000000 45.000000 168.000000 224.000000
thumbnail_8 270.000000 30.000000 224.000000 168.000000
thumbnail_9 110.000000 129.500000 224.000000 197.000000
thumbnail_10 94.000000 131.500000 142.000000 215.000000
thumbnail_11 194.000000 62.000000 224.000000 168.000000
thumbnail_12 101.000000 103.000000 224.000000 168.000000
thumbnail_13 129.000000 124.000000 224.000000 164.000000
thumbnail_14 156.000000 147.000000 224.000000 168.000000
thumbnail_15 118.000000 93.000000 224.000000 168.000000
thumbnail_16 115.000000 -1.000000 168.000000 224.000000
thumbnail_17 -20.000000 15.500000 224.000000 149.000000
thumbnail_18 197.000000 58.000000 224.000000 168.000000
